(0.25, 0.25, 0.25)
(0.25, 0.25, 0.25)
(0.25, 0.25, 0.25)
(0.25, 0.25, 0.25)
(0.25, 0.25, 0.25)
(0.25, 0.25, 0.25)
(0.25, 0.25, 0.25)
(0.25, 0.25, 0.25)
(0.25, 0.25, 0.25)
(0.25, 0.25, 0.25)
(0.25, 0.25, 0.25)
(0.25, 0.25, 0.25)
(0.25, 0.25, 0.25)
(0.25, 0.25, 0.25)
(0.25, 0.25, 0.25)
(0.25, 0.25, 0.25)
(0.25, 0.25, 0.25)
(0.125, 0.125, 0.125)
(0.25, 0.25, 0.25)
(0.25, 0.25, 0.25)

average value: 0
total number considered: 20
standard error: 0

total number of valid numbers:	 20
average missing branch rate:	 0.24375
standard error: 0.0060917464655056