(0.25, 0.25, 0.25)
(0.25, 0.25, 0.25)
(0.125, 0.125, 0.125)
(0.25, 0.25, 0.25)
(0.25, 0.25, 0.25)
(0.25, 0.25, 0.25)
(0.25, 0.25, 0.25)
(0.125, 0.125, 0.125)
(0.125, 0.125, 0.125)
(0.25, 0.25, 0.25)
(0.125, 0.125, 0.125)
(0.25, 0.25, 0.25)
(0.25, 0.25, 0.25)
(0.25, 0.25, 0.25)
(0.375, 0.375, 0.375)
(0.5, 0.5, 0.5)
(0.25, 0.25, 0.25)
(0.375, 0.375, 0.375)
(0.125, 0.125, 0.125)
(0.125, 0.125, 0.125)

average value: 0
total number considered: 20
standard error: 0

total number of valid numbers:	 20
average missing branch rate:	 0.2375
standard error: 0.0214694550466471