(0.125, 0.125, 0.125)
(0.25, 0.25, 0.25)
(0.125, 0.125, 0.125)
(0.0, 0.0, 0.0)
(0.375, 0.375, 0.375)
(0.25, 0.25, 0.25)
(0.375, 0.375, 0.375)
(0.375, 0.375, 0.375)
(0.25, 0.25, 0.25)
(0.375, 0.375, 0.375)
(0.0, 0.0, 0.0)
(0.0, 0.0, 0.0)
(0.25, 0.25, 0.25)
(0.5, 0.5, 0.5)
(0.625, 0.625, 0.625)
(0.5, 0.5, 0.5)
(0.375, 0.375, 0.375)
(0.625, 0.625, 0.625)
(0.25, 0.25, 0.25)
(0.125, 0.125, 0.125)

average value: 0
total number considered: 20
standard error: 0

total number of valid numbers:	 20
average missing branch rate:	 0.2875
standard error: 0.0415519253464867