(0.0, 0.0, 0.0)
(0.0, 0.0, 0.0)
(0.0, 0.0, 0.0)
(0.0, 0.0, 0.0)
(0.0, 0.0, 0.0)
(0.0, 0.0, 0.0)
(0.0, 0.0, 0.0)
(0.0, 0.0, 0.0)
(0.0, 0.0, 0.0)
(0.0, 0.0, 0.0)
(0.0, 0.0, 0.0)
(0.0, 0.0, 0.0)
(0.0, 0.0, 0.0)
(0.125, 0.125, 0.125)
(0.0, 0.0, 0.0)
(0.0, 0.0, 0.0)
(0.0, 0.0, 0.0)
(0.0, 0.0, 0.0)
(0.125, 0.125, 0.125)
(0.0, 0.0, 0.0)

average value: 0
total number considered: 20
standard error: 0

total number of valid numbers:	 20
average missing branch rate:	 0.0125
standard error: 0.00838525491562421