(0.25, 0.25, 0.25)
(0.25, 0.25, 0.25)
(0.25, 0.25, 0.25)
(0.25, 0.25, 0.25)
(0.25, 0.25, 0.25)
(0.25, 0.25, 0.25)
(0.25, 0.25, 0.25)
(0.25, 0.25, 0.25)
(0.25, 0.25, 0.25)
(0.25, 0.25, 0.25)
(0.125, 0.125, 0.125)
(0.25, 0.25, 0.25)
(0.125, 0.125, 0.125)
(0.25, 0.25, 0.25)
(0.25, 0.25, 0.25)
(0.25, 0.25, 0.25)
(0.25, 0.25, 0.25)
(0.25, 0.25, 0.25)
(0.25, 0.25, 0.25)
(0.125, 0.125, 0.125)

average value: 0
total number considered: 20
standard error: 0

total number of valid numbers:	 20
average missing branch rate:	 0.23125
standard error: 0.00998044963916957