(0.125, 0.125, 0.125)
(0.0, 0.0, 0.0)
(0.0, 0.0, 0.0)
(0.0, 0.0, 0.0)
(0.125, 0.125, 0.125)
(0.125, 0.125, 0.125)
(0.0, 0.0, 0.0)
(0.125, 0.125, 0.125)
(0.0, 0.0, 0.0)
(0.0, 0.0, 0.0)
(0.0, 0.0, 0.0)
(0.125, 0.125, 0.125)
(0.125, 0.125, 0.125)
(0.0, 0.0, 0.0)
(0.0, 0.0, 0.0)
(0.125, 0.125, 0.125)
(0.0, 0.0, 0.0)
(0.125, 0.125, 0.125)
(0.0, 0.0, 0.0)
(0.125, 0.125, 0.125)

average value: 0
total number considered: 20
standard error: 0

total number of valid numbers:	 20
average missing branch rate:	 0.05625
standard error: 0.0139053721633044